% Declare the checkerboard
cb = [1 1 1 0 0 0 1 1 1;
    1 1 1 0 0 0 1 1 1;
    1 1 1 0 0 0 1 1 1;
    0 0 0 1 1 1 0 0 0;
    0 0 0 1 1 1 0 0 0;
    0 0 0 1 1 1 0 0 0;
    1 1 1 0 0 0 1 1 1;
    1 1 1 0 0 0 1 1 1;
    1 1 1 0 0 0 1 1 1];

T = [1 0 0;
    0 1 1;
    0 1 1];

M = [1 1 1;
    1 1 0;
    1 1 0];
    